N = 32 ,L = 13.3313044692576223 ,L1= { 13.2755191332318470 , 0.0000000000000000 }  ,L2= { 0.1431421467822201 , 13.3873242220082184 }  ,P = 0.0010000000000000 ,P0= 0.0010000000000000 ,
{
11.2758402245547479 ,	7.9671207404101654 ,	1.0000000000000000 ,	
10.0736588581501776 ,	1.0842462733408384 ,	1.0000000000000000 ,	
8.7244884310918749 ,	13.1440344173795824 ,	1.0000000000000000 ,	
2.8196333562481622 ,	12.7622028391710861 ,	1.0000000000000000 ,	
11.8309640141829720 ,	2.2886486156538623 ,	1.0000000000000000 ,	
5.2213357547884766 ,	12.2902606452117187 ,	1.0000000000000000 ,	
4.1853308811531510 ,	0.6915280021034029 ,	1.0000000000000000 ,	
8.1129457016054299 ,	1.6963131102078767 ,	1.0000000000000000 ,	
11.9072192159979753 ,	0.2919996736100085 ,	1.0000000000000000 ,	
11.6188460895817364 ,	4.9440679513764743 ,	1.0000000000000000 ,	
4.7742726635839282 ,	4.5880362181735432 ,	1.0000000000000000 ,	
0.6315958094877443 ,	8.9838483051363353 ,	1.0000000000000000 ,	
9.9255920743460045 ,	9.4405065572596595 ,	1.0000000000000000 ,	
12.0793135191627924 ,	9.7936562065958321 ,	1.0000000000000000 ,	
2.3470076371530863 ,	7.9558614913247596 ,	1.0000000000000000 ,	
6.6250241391025264 ,	0.1700267544196164 ,	1.0000000000000000 ,	
9.7367968045797301 ,	3.4576282834273618 ,	1.3999999999999999 ,	
10.6584274540598134 ,	11.7255661450427213 ,	1.3999999999999999 ,	
7.1523501973185358 ,	4.9051234650310143 ,	1.3999999999999999 ,	
2.6098663941903041 ,	10.3408347638528049 ,	1.3999999999999999 ,	
13.2886837567170796 ,	6.6658113025526502 ,	1.3999999999999999 ,	
5.3701196375291114 ,	9.8960019201683061 ,	1.3999999999999999 ,	
4.8990967567538500 ,	7.1371136010092137 ,	1.3999999999999999 ,	
0.4368386567621211 ,	3.7759115631372944 ,	1.3999999999999999 ,	
3.0637360287453284 ,	2.8122774323976135 ,	1.3999999999999999 ,	
2.5850435981629052 ,	5.5683609163541858 ,	1.3999999999999999 ,	
7.5216191164399320 ,	8.1078017313286264 ,	1.3999999999999999 ,	
7.9947535563536009 ,	10.8636380482223915 ,	1.3999999999999999 ,	
0.1924998958365636 ,	11.7465162134631647 ,	1.3999999999999999 ,	
9.6073470662633433 ,	6.2488942204910466 ,	1.3999999999999999 ,	
0.9176546490055565 ,	1.0184740291980302 ,	1.3999999999999999 ,	
5.8340847211804792 ,	2.4355175820586366 ,	1.3999999999999999 ,	
}


