N = 16 ,L = 9.4874698355143808 ,L1= { 9.4949297755650788 , 0.0000000000000000 }  ,L2= { 0.3131037141205079 , 9.4800157565608026 }  ,P = 0.0010000000000000 ,P0= 0.0010000000000000 ,
{
8.3954120736007511 ,	5.9713347462851643 ,	1.0000000000000000 ,	
7.7732133087976493 ,	7.8703131844924932 ,	1.0000000000000000 ,	
6.3809728475044440 ,	9.3027880393547451 ,	1.0000000000000000 ,	
2.8009430583128803 ,	8.6790180704999307 ,	1.0000000000000000 ,	
7.8966028959990910 ,	0.6292000854999064 ,	1.0000000000000000 ,	
4.7338725981321079 ,	8.1703371898420650 ,	1.0000000000000000 ,	
2.3103976904041286 ,	2.7410961329297243 ,	1.0000000000000000 ,	
6.2834832183083400 ,	1.8104815211023599 ,	1.0000000000000000 ,	
0.7857890932593265 ,	0.8893224628442692 ,	1.3999999999999999 ,	
7.8349418788527788 ,	3.6388967215266238 ,	1.3999999999999999 ,	
4.4582447016779932 ,	3.8105760378512087 ,	1.3999999999999999 ,	
0.9302650466673738 ,	4.6991730092283172 ,	1.3999999999999999 ,	
6.0060829446461095 ,	6.1396900822624010 ,	1.3999999999999999 ,	
0.6616435186167540 ,	7.5983195833701074 ,	1.3999999999999999 ,	
3.2124952245017365 ,	6.3164065410892209 ,	1.3999999999999999 ,	
4.0087550307426671 ,	1.0510396876630096 ,	1.3999999999999999 ,	
}


