N = 32 ,L = 12.1928493014201555 ,L1= { 11.7145157752875145 , 0.0000000000000000 }  ,L2= { 0.5577710617255096 , 12.6907144041549776 }  ,P = 0.1000000000000000 ,P0= 0.1000000000000000 ,
{
10.2989238431710213 ,	7.7759779602073500 ,	1.0000000000000000 ,	
8.9871203874626657 ,	0.9388978636462618 ,	1.0000000000000000 ,	
7.9183252494294055 ,	12.5419846623603056 ,	1.0000000000000000 ,	
3.3459482076787722 ,	11.3816699984867689 ,	1.0000000000000000 ,	
10.2349972757207625 ,	2.2716889992510898 ,	1.0000000000000000 ,	
5.3005891940723865 ,	11.6415402414571220 ,	1.0000000000000000 ,	
3.6899987556914120 ,	0.4351502836180177 ,	1.0000000000000000 ,	
7.2772365236342269 ,	1.5411018950165185 ,	1.0000000000000000 ,	
10.8483929692448265 ,	0.4555984891965303 ,	1.0000000000000000 ,	
10.3207566988783152 ,	4.1879579246637608 ,	1.0000000000000000 ,	
4.3708591973837680 ,	4.6410002396231704 ,	1.0000000000000000 ,	
0.4483215486998636 ,	8.2099483364232913 ,	1.0000000000000000 ,	
9.0468870762965453 ,	9.1511503658290949 ,	1.0000000000000000 ,	
10.9155536685581021 ,	9.5058125609516332 ,	1.0000000000000000 ,	
1.9320967726956751 ,	7.1243570608832509 ,	1.0000000000000000 ,	
5.5983248114904219 ,	0.6033232867573328 ,	1.0000000000000000 ,	
8.2648557659872126 ,	3.4616968421428589 ,	1.3999999999999999 ,	
9.8349505751736736 ,	11.3955046174063278 ,	1.3999999999999999 ,	
6.4314249604385735 ,	5.4054878911623477 ,	1.3999999999999999 ,	
2.4887728718473816 ,	9.2136032919074323 ,	1.3999999999999999 ,	
11.6428684612071121 ,	5.9572677565706887 ,	1.3999999999999999 ,	
4.9516333370280616 ,	9.4821697408905874 ,	1.3999999999999999 ,	
4.2380894545103769 ,	6.9677073233292565 ,	1.3999999999999999 ,	
0.5571675217878021 ,	3.1350037705458142 ,	1.3999999999999999 ,	
3.1562335094843305 ,	2.6050220297095399 ,	1.3999999999999999 ,	
2.3116414206959636 ,	5.0415921998918058 ,	1.3999999999999999 ,	
7.0806994600313051 ,	7.9106381179335246 ,	1.3999999999999999 ,	
7.2941787014294225 ,	10.5288730763601859 ,	1.3999999999999999 ,	
0.7660240462736153 ,	11.0888950892834475 ,	1.3999999999999999 ,	
8.9675615065982461 ,	6.0356138892138139 ,	1.3999999999999999 ,	
1.4307292089668936 ,	0.6289876900429553 ,	1.3999999999999999 ,	
5.6614009724725884 ,	2.8759443421820680 ,	1.3999999999999999 ,	
}


